0
0
0.06
0.12
0.1788
0.2364
0.292824
0.348096
0.40223952
0.4552776
0.5072328096
0.5581272576
0.607982601408
0.656820056256
0.70466040422784
0.75152400310272
0.797430795018163
0.842400314956109
0.886451699055745
0.929603692756623
0.971874658775508
1.01328258492038
1.05384509174487
1.09357944004646
1.13250253821156
1.17063094941063
1.2079808986464
1.24456827965819
1.28040866168526
1.3155172960921
1.34990912285839
1.38359877693655
1.41660059447938
1.44892861894065
1.48059660705106
1.51161803467225
1.54200610253123
1.57177374183778
1.60093361978716
1.6294981449504
1.65747947255466
1.68488950965565
1.71173992020456
1.73804213001145
1.76380733160735
1.78904648900713
1.81377034237498
1.83798941259484
1.86171400574734
1.88495421749544
1.90771993738049
1.93002085303058
1.95186645428297
1.97326603722236
1.9942287081367
2.01476338739226
2.03487881322952
2.05458354548168
2.07388596921709
2.09279429830745
2.11131657892311
2.12946069295696
2.1472343613785
2.16464514751936
2.18170046029179
2.1984075573414
2.21477354813557
2.23080539698874
2.24650992602603
2.26189381808625
2.27696361956573
2.29172574320401
2.30618647081269
2.32035195594861
2.33422822653236
2.34782118741338
2.36113662288274
2.37418019913447
2.38695746667682
2.39947386269413
2.41173471336059
2.42374523610671
2.43551054183949
2.44703563711736
2.45832542628057
2.46938471353823
2.48021820501261
2.49083051074185
2.5012261466416
2.51140953642676
2.52138501349393
2.53115682276539
2.54072912249552
2.55010598604021
2.5592914035903
2.56828928386949
2.57710345579769
2.5857376701203
2.59419560100434
2.60248084760194
2.61059693558185
2.61854731862981
2.62633537991817
2.63396443354558
2.64143772594722
2.6487584372763
2.65592968275736
2.66295451401183
2.66983592035669
2.67657683007645
2.68318011166932
2.68964857506779
2.6959849728344
2.70219200133305
2.70827230187636
2.7142284618497
2.72006301581217
2.72577844657518
2.73137718625893
2.73686161732743
2.74223407360225
2.7474968412557
2.75265215978366
2.75770222295854
2.76264917976287
2.7674951353037
2.77224215170844
2.77689224900237
2.7814474059682
2.78590956098815
2.79028061286879
2.79456242164902
2.79875680939165
2.80286556095867
2.80689042477083
2.81083311355166
2.81469530505624
2.81847864278521
2.82218473668408
2.82581516382838
2.8293714690947
2.83285516581813
2.83626773643624
2.83961063311988
2.84288527839115
2.84609306572875
2.84923536016093
2.85231349884635
2.85532879164314
2.85828252166621
2.86117594583335
2.86401029540002
2.86678677648336
2.86950657057536
2.87217083504569
2.87478070363418
2.87733728693327
2.87984167286059
2.88229492712192
2.88469809366471
2.88705219512227
2.88935823324898
2.89161718934653
2.89383002468155
2.89599768089462
2.89812108040099
2.9002011267831
2.90223870517508
2.90423468263942
2.90618990853591
2.90810521488313
2.90998141671241
2.91181931241474
2.9136196840805
2.9153832978322
2.91711090415059
2.91880323819395
2.92046102011094
2.92208495534706
2.92367573494484
2.9252340358379
2.926760521139
2.92825584042224
2.92972062999946
2.93115551319102
2.93256110059103
2.93393799032721
2.93528676831539
2.93660800850884
2.93790227314254
2.93917011297236
2.94041206750951
2.94162866525006
2.94282042389987
2.94398785059487
2.94513144211687
2.94625168510498
2.94734905626264
2.94842402256054
2.94947704143529
2.95050856098408
2.95151902015537
2.95250884893569
2.95347846853258
2.95442829155387
2.95535872218322
2.95627015635214
2.95716298190848
2.95803757878143
2.95889431914327
2.95973356756764
2.96055568118477
2.96136100983342
2.96214989620972
2.96292267601305
2.96367967808886
2.9644212245686
2.96514763100682
2.96585920651545
2.96655625389531
2.96723906976501
2.9679079446871
2.9685631632918
2.96920500439806
2.96983374113222
2.97044964104426
2.97105296622161
2.97164397340073
2.9722229140763
2.97279003460828
2.97334557632676
2.97388977563459
2.97442286410806
2.97494506859536
2.9754566113132
2.97595770994129
2.97644857771503
2.97692942351621
2.97740045196191
2.97786186349158
2.97831385445234
2.97875661718251
2.97919034009347
2.97961520774981
2.98003140094795
2.98043909679295
2.98083846877399
2.98122968683813
2.98161291746265
2.98198832372589
2.98235606537664
2.98271629890212
2.98306917759459
2.98341485161654
2.98375346806465
2.98408517103232
2.98441010167103
2.98472839825038
2.98504019621696
2.98534562825195
2.98564482432761
2.98593791176257
2.98622501527602
2.98650625704077
2.98678175673525
2.98705163159443
2.98731599645973
2.98757496382784
2.98782864389865
2.98807714462209
2.98832057174412
2.98855902885168
2.9887926174168
2.98902143683976
2.98924558449143
2.98946515575463
2.9896802440648
2.98989094094971
2.99009733606841
2.99029951724942
2.99049757052805
2.99069158018306
2.9908816287725
2.99106779716884
2.99125016459339
2.99142880865001
2.99160380535815
2.99177522918515
2.99194315307798
2.99210764849428
2.99226878543272
2.99242663246283
2.99258125675418
2.99273272410492
2.99288109896984
2.99302644448774
2.99316882250835
2.99330829361859
2.99344491716842
2.99357875129605
2.99370985295268
2.99383827792676
2.99396408086771
2.99408731530917
2.99420803369182
2.99432628738564
2.9944421267118
2.99455560096409
2.99466675842985
2.99477564641057
2.99488231124197
2.99498679831376
2.99508915208892
2.99518941612265
2.99528763308087
2.99538384475841
2.9954780920968
2.99557041520163
2.99566085335969
2.99574944505566
2.99583622798847
2.99592123908736
2.99600451452759
2.99608608974584
2.99616599945529
2.99624427766037
2.99632095767127
2.99639607211806
2.99646965296463
2.99654173152227
2.99661233846298
2.99668150383253
2.99674925706327
2.99681562698662
2.99688064184535
2.99694432930562
2.99700671646871
2.9970678298826
2.99712769555323
2.99718633895557
2.99724378504451
2.9973000582654
2.99735518256451
2.9974091813992
2.99746207774791
2.99751389411992
2.99756465256497
2.99761437468257
2.99766308163127
2.99771079413762
2.99775753250499
2.99780331662224
2.99784816597214
2.9978920996397
2.99793513632025
2.99797729432746
2.99801859160105
2.99805904571451
2.99809867388248
2.99813749296819
2.99817551949054
2.99821276963118
2.99824925924137
2.99828500384875
2.99832001866392
2.99835431858694
2.99838791821366
2.99842083184193
2.99845307347765
2.99848465684082
2.99851559537126
2.99854590223445
2.99857559032702
2.99860467228233
2.99863316047579
2.99866106703015
2.99868840382063
2.99871518248003
2.99874141440361
2.99876711075401
2.99879228246594
2.99881694025086
2.99884109460154
2.99886475579652
2.99888793390449
2.99891063878856
2.99893288011047
2.9989546673347
2.99897600973249
2.9989969163858
2.99901739619115
2.99903745786343
2.99905710993961
2.99907636078234
2.99909521858355
2.9991136913679
2.99913178699623
2.99914951316887
2.99916687742895
2.99918388716557
2.99920054961699
2.99921687187368
2.99923286088134
2.99924852344387
2.99926386622624
2.99927889575736
2.99929361843284
2.99930804051769
2.99932216814903
2.99933600733868
2.9993495639757
2.99936284382893
2.99937585254941
2.99938859567284
2.99940107862185
2.99941330670839
2.99942528513595
2.99943701900179
2.99944851329907
2.99945977291903
2.99947080265305
2.99948160719467
2.99949219114161
2.99950255899771
2.99951271517488
2.99952266399493
2.99953240969143
2.99954195641153
2.9995513082177
2.99956046908947
2.99956944292512
2.99957823354333
2.99958684468483
2.99959528001396
2.99960354312026
2.99961163751999
2.99961956665758
2.99962733390718
2.99963494257403
2.99964239589589
2.99964969704441
2.99965684912649
2.9996638551856
2.99967071820307
2.99967744109936
2.9996840267353
2.99969047791331
2.9996967973786
2.99970298782034
2.99970905187277
2.99971499211636
2.9997208110789
2.99972651123658
2.999732095015
2.99973756479027
2.99974292288997
2.99974817159416
2.99975331313636
2.99975834970448
2.99976328344175
2.99976811644766
2.99977285077883
2.99977748844988
2.9997820314343
2.9997864816653
2.99979084103662
2.99979511140331
2.99979929458258
2.99980339235451
2.99980740646286
2.99981133861577
2.99981519048651
2.9998189637142
2.99982265990447
2.99982628063018
2.99982982743209
2.99983330181949
2.99983670527085
2.99984003923446
2.99984330512904
2.99984650434435
2.99984963824177
2.99985270815488
2.99985571539005
2.99985866122695
2.99986154691915
2.99986437369461
2.99986714275622
2.99986985528233
2.99987251242721
2.99987511532156
2.99987766507302
2.99988016276659
2.99988260946512
2.99988500620979
2.99988735402049
2.99988965389629
2.99989190681588
2.99989411373796
2.99989627560164
2.99989839332688
2.99990046781485
2.99990249994831
2.99990449059201
2.99990644059305
2.99990835078121
2.99991022196935
2.99991205495372
2.99991385051434
2.99991560941526
2.99991733240497
2.99991902021667
2.99992067356857
2.99992229316424
2.99992387969287
2.99992543382958
2.99992695623572
2.99992844755913
2.99992990843442
2.99993133948323
2.99993274131455
2.99993411452488
2.99993545969859
2.99993677740809
2.99993806821412
2.99993933266596
2.99994057130167
2.99994178464835
2.99994297322232
2.99994413752935
2.99994527806491
2.99994639531432
2.99994748975302
2.99994856184674
2.99994961205168
2.99995064081474
2.99995164857371
2.99995263575741
2.99995360278594
2.99995455007079
2.99995547801507
2.99995638701366
2.99995727745336
2.99995814971308
2.99995900416402
2.99995984116975
2.99996066108647
2.99996146426308
2.99996225104135
2.99996302175609
2.99996377673526
2.99996451630014
2.99996524076543
2.99996595043943
2.99996664562412
2.99996732661534
2.99996799370285
2.99996864717055
2.99996928729649
2.99996991435308
2.99997052860715
2.99997113032009
2.99997171974795
2.99997229714154
2.99997286274659
2.99997341680376
2.99997395954883
2.99997449121275
2.99997501202177
2.99997552219752
2.99997602195709
2.99997651151313
2.99997699107399
2.99997746084373
2.99997792102225
2.99997837180537
2.99997881338493
2.99997924594882
2.99997966968112
2.99998008476215
2.99998049136852
2.99998088967328
2.99998127984591
2.99998166205244
2.99998203645553
2.99998240321448
2.99998276248536
2.99998311442108
2.99998345917137
2.99998379688295
2.99998412769952
2.99998445176186
2.99998476920787
2.99998508017263
2.99998538478847
2.99998568318502
2.99998597548925
2.99998626182555
2.99998654231577
2.99998681707925
2.99998708623294
2.99998734989135
2.99998760816669
2.99998786116887
2.99998810900553
2.99998835178215
2.99998858960204
2.9999888225664
2.99998905077436
2.99998927432303
2.99998949330754
2.99998970782108
2.99998991795493
2.99999012379851
2.99999032543941
2.99999052296344
2.99999071645465
2.99999090599539
2.99999109166629
2.99999127354638
2.99999145171306
2.99999162624213
2.99999179720787
2.99999196468303
2.99999212873887
2.99999228944521
2.99999244687043
2.99999260108153
2.99999275214412
2.99999290012249
2.99999304507961
2.99999318707716
2.99999332617556
2.99999346243402
2.99999359591051
2.99999372666183
2.99999385474362
2.99999398021038
2.99999410311551
2.9999942235113
2.99999434144899
2.99999445697877
2.99999457014979
2.99999468101021
2.99999478960722
2.99999489598701
2.99999500019487
2.99999510227513
2.99999520227123
2.99999530022573
2.9999953961803
2.99999549017579
2.99999558225218
2.99999567244867
2.99999576080362
2.99999584735465
2.99999593213858
2.99999601519148
2.99999609654871
2.99999617624488
2.99999625431391
2.99999633078901
2.99999640570273
2.99999647908695
2.9999965509729
2.99999662139116
2.9999966903717
2.99999675794388
2.99999682413644
2.99999688897757
2.99999695249484
2.99999701471529
2.99999707566539
2.99999713537109
2.99999719385778
2.99999725115036
2.9999973072732
2.99999736225019
2.99999741610473
2.99999746885973
2.99999752053763
2.99999757116044
2.99999762074969
2.99999766932648
2.99999771691148
2.99999776352495
2.99999780918672
2.99999785391622
2.99999789773249
2.99999794065416
2.99999798269952
2.99999802388643
2.99999806423244
2.99999810375471
2.99999814247006
2.99999818039497
2.99999821754557
2.99999825393767
2.99999828958676
2.999998324508
2.99999835871627
2.99999839222611
2.99999842505178
2.99999845720726
2.99999848870623
2.99999851956208
2.99999854978796
2.99999857939671
2.99999860840095
2.99999863681302
2.999998664645
2.99999869190874
2.99999871861584
2.99999874477767
2.99999877040535
2.99999879550979
2.99999882010169
2.99999884419149
2.99999886778946
2.99999889090563
2.99999891354984
2.99999893573172
2.99999895746073
2.99999897874609
2.99999899959688
2.99999902002196
2.99999904003002
2.99999905962958
2.99999907882898
2.99999909763639
2.99999911605981
2.99999913410708
2.99999915178589
2.99999916910375
2.99999918606803
2.99999920268595
2.99999921896459
2.99999923491087
2.99999925053158
2.99999926583336
2.99999928082273
2.99999929550606
2.99999930988961
2.99999932397949
2.9999993377817
2.99999935130211
2.99999936454647
2.99999937752043
2.9999993902295
2.99999940267909
2.9999994148745
2.99999942682092
2.99999943852343
2.99999944998701
2.99999946121654
2.9999994722168
2.99999948299247
2.99999949354814
2.99999950388829
2.99999951401732
2.99999952393956
2.99999953365921
2.99999954318042
2.99999955250724
2.99999956164363
2.99999957059348
2.99999957936061
2.99999958794874
2.99999959636153
2.99999960460255
2.99999961267532
2.99999962058327
2.99999962832976
2.9999996359181
2.9999996433515
2.99999965063314
2.99999965776611
2.99999966475345
2.99999967159813
2.99999967830306
2.9999996848711
2.99999969130504
2.99999969760761
2.99999970378151
2.99999970982936
2.99999971575373
2.99999972155714
2.99999972724207
2.99999973281093
2.99999973826608
2.99999974360987
2.99999974884454
2.99999975397235
2.99999975899546
2.99999976391601
2.9999997687361
2.99999977345778
2.99999977808306
2.9999997826139
2.99999978705224
2.99999979139996
2.99999979565892
2.99999979983092
2.99999980391774
2.99999980792112
2.99999981184277
2.99999981568435
2.99999981944749
2.9999998231338
2.99999982674485
2.99999983028218
2.99999983374728
2.99999983714164
2.99999984046669
2.99999984372386
2.99999984691453
2.99999985004005
2.99999985310176
2.99999985610096
2.99999985903892
2.9999998619169
2.99999986473612
2.99999986749778
2.99999987020306
2.99999987285311
2.99999987544905
2.99999987799198
2.999999880483
2.99999988292316
2.9999998853135
2.99999988765504
2.99999988994877
2.99999989219567
2.99999989439669
2.99999989655278
2.99999989866485
2.99999990073379
2.99999990276049
2.99999990474582
2.99999990669061
2.99999990859569
2.99999991046188
2.99999991228997
2.99999991408073
2.99999991583493
2.99999991755332
2.99999991923662
2.99999992088555
2.99999992250082
2.99999992408311
2.99999992563309
2.99999992715143
2.99999992863877
2.99999993009574
2.99999993152296
2.99999993292105
2.99999993429059
2.99999993563217
2.99999993694636
2.99999993823371
2.99999993949478
2.99999994073011
2.99999994194022
2.99999994312561
2.99999994428681
2.9999999454243
2.99999994653856
2.99999994763008
2.9999999486993
2.9999999497467
2.99999995077272
2.99999995177778
2.99999995276233
2.99999995372677
2.99999995467153
2.99999995559699
2.99999995650356
2.99999995739162
2.99999995826155
2.99999995911372
2.99999995994848
2.99999996076621
2.99999996156724
2.99999996235192
2.99999996312057
2.99999996387353
2.99999996461112
2.99999996533365
2.99999996604143
2.99999996673475
2.99999996741393
2.99999996807923
2.99999996873095
2.99999996936937
2.99999996999475
2.99999997060736
2.99999997120747
2.99999997179532
2.99999997237117
2.99999997293526
2.99999997348784
2.99999997402913
2.99999997455938
2.99999997507879
2.99999997558761
2.99999997608603
2.99999997657428
2.99999997705256
2.99999997752107
2.99999997798002
2.9999999784296
2.99999997887
2.99999997930141
2.99999997972401
2.99999998013798
2.9999999805435
2.99999998094074
2.99999998132987
2.99999998171105
2.99999998208445
2.99999998245023
2.99999998280854
2.99999998315954
2.99999998350337
2.99999998384018
2.99999998417011
2.99999998449331
2.99999998480991
2.99999998512004
2.99999998542384
2.99999998572144
2.99999998601296
2.99999998629853
2.99999998657827
2.9999999868523
2.99999998712074
2.99999998738369
2.99999998764128
2.9999999878936
2.99999998814078
2.99999998838291
2.99999998862009
2.99999998885243
2.99999998908003
2.99999998930298
2.99999998952138
2.99999998973532
2.99999998994489
2.99999999015019
2.99999999035129
2.99999999054829
2.99999999074126
2.9999999909303
2.99999999111547
2.99999999129686
2.99999999147455
2.99999999164862
2.99999999181913
2.99999999198615
2.99999999214977
2.99999999231005
2.99999999246705
2.99999999262085
2.99999999277151
2.99999999291909
2.99999999306366
2.99999999320528
2.99999999334401
2.9999999934799
2.99999999361302
2.99999999374343
2.99999999387117
2.9999999939963
2.99999999411888
2.99999999423895
2.99999999435657
2.99999999447179
2.99999999458466
2.99999999469523
2.99999999480353
2.99999999490963
2.99999999501356
2.99999999511536
2.99999999521509
2.99999999531278
2.99999999540848
2.99999999550223
2.99999999559406
2.99999999568401
2.99999999577213
2.99999999585845
2.99999999594301
2.99999999602584
2.99999999610698
2.99999999618646
2.99999999626433
2.9999999963406
2.99999999641531
2.9999999964885
2.99999999656019
2.99999999663042
2.99999999669922
2.99999999676661
2.99999999683263
2.99999999689729
2.99999999696064
2.99999999702269
2.99999999708348
2.99999999714303
2.99999999720136
2.9999999972585
2.99999999731447
2.9999999973693
2.99999999742301
2.99999999747562
2.99999999752716
2.99999999757765
2.99999999762711
2.99999999767556
2.99999999772301
2.9999999977695
2.99999999781504
2.99999999785965
2.99999999790335
2.99999999794616
2.99999999798809
2.99999999802917
2.9999999980694
2.99999999810882
2.99999999814743
2.99999999818526
2.99999999822231
2.9999999982586
2.99999999829416
2.99999999832898
2.9999999983631
2.99999999839652
2.99999999842926
2.99999999846133
2.99999999849275
2.99999999852352
2.99999999855366
2.99999999858319
2.99999999861212
2.99999999864046
2.99999999866821
2.9999999986954
2.99999999872204
2.99999999874813
2.99999999877369
2.99999999879873
2.99999999882326
2.99999999884728
2.99999999887082
2.99999999889387
2.99999999891645
2.99999999893858
2.99999999896025
2.99999999898148
2.99999999900227
2.99999999902264
2.9999999990426
2.99999999906214
2.99999999908129
2.99999999910005
2.99999999911842
2.99999999913642
2.99999999915405
2.99999999917133
2.99999999918824
2.99999999920482
2.99999999922105
2.99999999923696
2.99999999925254
2.9999999992678
2.99999999928275
2.99999999929739
2.99999999931174
2.99999999932579
2.99999999933955
2.99999999935304
2.99999999936625
2.99999999937919
2.99999999939186
2.99999999940428
2.99999999941644
2.99999999942835
2.99999999944002
2.99999999945146
2.99999999946266
2.99999999947363
2.99999999948438
2.9999999994949
2.99999999950521
2.99999999951532
2.99999999952521
2.99999999953491
2.9999999995444
2.9999999995537
2.99999999956282
2.99999999957174
2.99999999958048
2.99999999958905
2.99999999959744
2.99999999960566
2.99999999961371
2.9999999996216
2.99999999962932
2.99999999963689
2.9999999996443
2.99999999965156
2.99999999965868
2.99999999966565
2.99999999967247
2.99999999967916
2.99999999968571
2.99999999969213
2.99999999969841
2.99999999970457
2.9999999997106
2.99999999971651
2.9999999997223
2.99999999972797
2.99999999973352
2.99999999973896
2.99999999974429
2.99999999974951
2.99999999975463
2.99999999975964
2.99999999976455
2.99999999976935
2.99999999977406
2.99999999977867
2.99999999978319
2.99999999978762
2.99999999979196
2.9999999997962
2.99999999980036
2.99999999980444
2.99999999980843
2.99999999981235
2.99999999981618
2.99999999981993
2.99999999982361
2.99999999982721
2.99999999983074
2.99999999983419
2.99999999983758
2.99999999984089
2.99999999984414
2.99999999984732
2.99999999985044
2.99999999985349
2.99999999985649
2.99999999985942
2.99999999986229
2.9999999998651
2.99999999986785
2.99999999987055
2.99999999987319
2.99999999987578
2.99999999987832
2.9999999998808
2.99999999988324
2.99999999988562
2.99999999988796
2.99999999989025
2.99999999989249
2.99999999989468
2.99999999989683
2.99999999989894
2.999999999901
2.99999999990302
2.999999999905
2.99999999990694
2.99999999990884
2.99999999991071
2.99999999991253
2.99999999991431
2.99999999991606
2.99999999991778
2.99999999991946
2.9999999999211
2.99999999992271
2.99999999992429
2.99999999992584
2.99999999992735
2.99999999992883
2.99999999993029
2.99999999993171
2.9999999999331
2.99999999993447
2.99999999993581
2.99999999993712
2.9999999999384
2.99999999993966
2.99999999994089
2.9999999999421
2.99999999994328
2.99999999994444
2.99999999994557
2.99999999994669
2.99999999994778
2.99999999994884
2.99999999994989
2.99999999995091
2.99999999995191
2.99999999995289
2.99999999995385
2.9999999999548
2.99999999995572
2.99999999995662
2.99999999995751
2.99999999995838
2.99999999995923
2.99999999996006
2.99999999996087
2.99999999996167
2.99999999996246
2.99999999996322
2.99999999996398
2.99999999996471
2.99999999996543
2.99999999996614
2.99999999996683
2.99999999996751
2.99999999996817
2.99999999996882
2.99999999996945
2.99999999997008
2.99999999997069
2.99999999997129
2.99999999997187
2.99999999997245
2.99999999997301
2.99999999997356
2.9999999999741
2.99999999997463
2.99999999997515
2.99999999997566
2.99999999997615
2.99999999997664
2.99999999997712
2.99999999997758
2.99999999997804
2.99999999997849
2.99999999997893
2.99999999997936
2.99999999997978
2.99999999998019
2.9999999999806
2.99999999998099
2.99999999998138
2.99999999998176
2.99999999998213
2.9999999999825
2.99999999998285
2.9999999999832
2.99999999998355
2.99999999998388
2.99999999998421
2.99999999998453
2.99999999998485
2.99999999998516
2.99999999998546
2.99999999998576
2.99999999998605
2.99999999998633
2.99999999998661
2.99999999998689
2.99999999998716
2.99999999998742
2.99999999998768
2.99999999998793
2.99999999998817
2.99999999998842
2.99999999998865
2.99999999998888
2.99999999998911
2.99999999998933
2.99999999998955
2.99999999998976
2.99999999998997
2.99999999999018
2.99999999999038
2.99999999999058
2.99999999999077
2.99999999999096
2.99999999999114
2.99999999999132
2.9999999999915
2.99999999999167
2.99999999999184
2.99999999999201
2.99999999999218
2.99999999999234
2.99999999999249
2.99999999999264
2.9999999999928
2.99999999999294
2.99999999999309
2.99999999999323
2.99999999999337
2.9999999999935
2.99999999999363
2.99999999999376
2.99999999999389
2.99999999999402
2.99999999999414
2.99999999999426
2.99999999999437
2.99999999999449
2.9999999999946
2.99999999999471
2.99999999999482
2.99999999999493
2.99999999999503
2.99999999999513
2.99999999999523
2.99999999999533
2.99999999999542
2.99999999999552
2.99999999999561
2.9999999999957
2.99999999999579
2.99999999999587
2.99999999999596
2.99999999999604
2.99999999999612
2.9999999999962
2.99999999999628
2.99999999999635
2.99999999999643
2.9999999999965
2.99999999999657
2.99999999999664
2.99999999999671
2.99999999999678
2.99999999999684
2.99999999999691
2.99999999999697
2.99999999999703
2.99999999999709
2.99999999999715
2.99999999999721
2.99999999999727
2.99999999999732
2.99999999999738
2.99999999999743
2.99999999999748
2.99999999999754
2.99999999999759
2.99999999999764
2.99999999999768
2.99999999999773
2.99999999999778
2.99999999999782
2.99999999999787
2.99999999999791
2.99999999999795
2.999999999998
2.99999999999804
2.99999999999808
2.99999999999812
2.99999999999816
2.99999999999819
2.99999999999823
2.99999999999827
2.9999999999983
2.99999999999834
2.99999999999837
2.9999999999984
2.99999999999844
2.99999999999847
2.9999999999985
2.99999999999853
2.99999999999856
2.99999999999859
2.99999999999862
2.99999999999865
2.99999999999868
2.9999999999987
2.99999999999873
2.99999999999876
2.99999999999878
2.99999999999881
2.99999999999883
2.99999999999885
2.99999999999888
2.9999999999989
2.99999999999892
2.99999999999894
2.99999999999897
2.99999999999899
2.99999999999901
2.99999999999903
2.99999999999905
2.99999999999907
2.99999999999909
2.9999999999991
2.99999999999912
2.99999999999914
2.99999999999916
2.99999999999918
2.99999999999919
2.99999999999921
2.99999999999922
2.99999999999924
2.99999999999926
2.99999999999927
2.99999999999929
2.9999999999993
2.99999999999931
2.99999999999933
2.99999999999934
2.99999999999936
2.99999999999937
2.99999999999938
2.99999999999939
2.99999999999941
2.99999999999942
2.99999999999943
2.99999999999944
2.99999999999945
2.99999999999947
2.99999999999948
2.99999999999949
2.9999999999995
2.99999999999951
2.99999999999952
2.99999999999953
2.99999999999954
2.99999999999955
2.99999999999956
2.99999999999956
2.99999999999957
2.99999999999958
2.99999999999959
2.9999999999996
2.99999999999961
2.99999999999962
2.99999999999962
2.99999999999963
2.99999999999964
2.99999999999964
2.99999999999965
2.99999999999966
2.99999999999967
2.99999999999967
2.99999999999968
2.99999999999969
2.99999999999969
2.9999999999997
2.99999999999971
2.99999999999971
2.99999999999972
2.99999999999972
2.99999999999973
2.99999999999973
2.99999999999974
2.99999999999974
2.99999999999975
2.99999999999975
2.99999999999976
2.99999999999977
2.99999999999977
2.99999999999978
2.99999999999978
2.99999999999979
2.99999999999979
2.99999999999979
2.9999999999998
2.9999999999998
2.9999999999998
2.99999999999981
2.99999999999981
2.99999999999982
2.99999999999982
2.99999999999982
2.99999999999983
2.99999999999983
2.99999999999983
2.99999999999984
2.99999999999984
2.99999999999984
2.99999999999985
2.99999999999985
2.99999999999985
2.99999999999986
2.99999999999986
2.99999999999986
2.99999999999987
2.99999999999987
2.99999999999987
2.99999999999988
2.99999999999988
2.99999999999988
2.99999999999988
2.99999999999988
2.99999999999988
2.99999999999989
2.99999999999989
2.99999999999989
2.99999999999989
2.99999999999989
2.9999999999999
2.9999999999999
2.9999999999999
2.9999999999999
2.9999999999999
2.9999999999999
2.99999999999991
2.99999999999991
2.99999999999991
2.99999999999991
2.99999999999991
2.99999999999991
2.99999999999992
2.99999999999992
2.99999999999992
2.99999999999992
2.99999999999992
2.99999999999993
2.99999999999993
2.99999999999993
2.99999999999993
2.99999999999993
2.99999999999993
2.99999999999994
2.99999999999994
2.99999999999994
2.99999999999994
2.99999999999994
2.99999999999994
2.99999999999995
2.99999999999995
2.99999999999995
2.99999999999995
2.99999999999995
2.99999999999996
2.99999999999996
2.99999999999996
2.99999999999996
2.99999999999996
2.99999999999996
2.99999999999996
2.99999999999996
2.99999999999996
2.99999999999996
2.99999999999996
2.99999999999996
2.99999999999996
2.99999999999996
2.99999999999996
2.99999999999996
2.99999999999996
2.99999999999996
2.99999999999996
2.99999999999996
2.99999999999996
2.99999999999996
2.99999999999996
2.99999999999996
2.99999999999996
2.99999999999996
2.99999999999996
2.99999999999996
2.99999999999996
2.99999999999996
2.99999999999996
2.99999999999996
2.99999999999996
2.99999999999996
2.99999999999996
2.99999999999996
2.99999999999996
2.99999999999996
2.99999999999996
2.99999999999996
2.99999999999996
2.99999999999996
2.99999999999996
2.99999999999996
2.99999999999996
2.99999999999996
2.99999999999996
2.99999999999996
2.99999999999996
2.99999999999996
2.99999999999996
2.99999999999996
2.99999999999996
2.99999999999996
2.99999999999996
2.99999999999996
2.99999999999996
2.99999999999996
2.99999999999996
2.99999999999996
2.99999999999996
2.99999999999996
2.99999999999996
2.99999999999996
2.99999999999996
2.99999999999996
2.99999999999996
2.99999999999996
2.99999999999996
2.99999999999996
2.99999999999996
2.99999999999996
2.99999999999996
2.99999999999996
2.99999999999996
2.99999999999996
2.99999999999996
2.99999999999996
2.99999999999996
2.99999999999996
2.99999999999996
2.99999999999996
2.99999999999996
2.99999999999996
2.99999999999996
2.99999999999996
2.99999999999996
2.99999999999996
2.99999999999996
2.99999999999996
2.99999999999996
2.99999999999996
2.99999999999996
2.99999999999996
2.99999999999996
2.99999999999996
2.99999999999996
2.99999999999996
2.99999999999996
2.99999999999996
2.99999999999996
2.99999999999996
2.99999999999996
2.99999999999996
2.99999999999996
2.99999999999996
2.99999999999996
2.99999999999996
2.99999999999996
2.99999999999996
2.99999999999996
2.99999999999996
2.99999999999996
2.99999999999996
2.99999999999996
2.99999999999996
2.99999999999996
2.99999999999996
2.99999999999996
2.99999999999996
2.99999999999996
2.99999999999996
2.99999999999996
2.99999999999996
2.99999999999996
2.99999999999996
2.99999999999996
2.99999999999996
2.99999999999996
2.99999999999996
2.99999999999996
2.99999999999996
2.99999999999996
2.99999999999996
2.99999999999996
2.99999999999996
2.99999999999996
2.99999999999996
2.99999999999996
2.99999999999996
2.99999999999996
2.99999999999996
2.99999999999996
2.99999999999996
2.99999999999996
2.99999999999996
2.99999999999996
2.99999999999996
2.99999999999996
2.99999999999996
2.99999999999996
2.99999999999996
2.99999999999996
2.99999999999996
2.99999999999996
2.99999999999996
2.99999999999996
2.99999999999996
2.99999999999996
2.99999999999996
2.99999999999996
2.99999999999996
2.99999999999996
2.99999999999996
2.99999999999996
2.99999999999996
2.99999999999996
2.99999999999996
2.99999999999996
2.99999999999996
2.99999999999996
2.99999999999996
2.99999999999996
2.99999999999996
2.99999999999996
2.99999999999996
2.99999999999996
2.99999999999996
2.99999999999996
2.99999999999996
2.99999999999996
2.99999999999996
2.99999999999996
2.99999999999996
2.99999999999996
2.99999999999996
2.99999999999996
2.99999999999996
2.99999999999996
2.99999999999996
2.99999999999996
2.99999999999996
2.99999999999996
2.99999999999996
2.99999999999996
2.99999999999996
2.99999999999996
2.99999999999996
2.99999999999996
2.99999999999996
2.99999999999996
2.99999999999996
2.99999999999996
2.99999999999996
2.99999999999996
2.99999999999996
2.99999999999996
2.99999999999996
2.99999999999996
2.99999999999996
2.99999999999996
2.99999999999996
2.99999999999996
2.99999999999996
2.99999999999996
2.99999999999996
2.99999999999996
2.99999999999996
2.99999999999996
2.99999999999996
2.99999999999996
2.99999999999996
2.99999999999996
2.99999999999996
2.99999999999996
2.99999999999996
2.99999999999996
2.99999999999996
2.99999999999996
2.99999999999996
2.99999999999996
2.99999999999996
2.99999999999996
2.99999999999996
2.99999999999996
2.99999999999996
2.99999999999996
2.99999999999996
2.99999999999996
2.99999999999996
2.99999999999996
2.99999999999996
2.99999999999996
2.99999999999996
2.99999999999996
2.99999999999996
2.99999999999996
2.99999999999996
2.99999999999996
2.99999999999996
2.99999999999996
2.99999999999996
2.99999999999996
2.99999999999996
2.99999999999996
2.99999999999996
2.99999999999996
2.99999999999996
2.99999999999996
2.99999999999996
2.99999999999996
2.99999999999996
2.99999999999996
2.99999999999996
2.99999999999996
2.99999999999996
2.99999999999996
2.99999999999996
2.99999999999996
2.99999999999996
2.99999999999996
2.99999999999996
2.99999999999996
2.99999999999996
2.99999999999996
2.99999999999996
2.99999999999996
2.99999999999996
2.99999999999996
2.99999999999996
2.99999999999996
2.99999999999996
2.99999999999996
2.99999999999996
2.99999999999996
2.99999999999996
2.99999999999996
2.99999999999996
2.99999999999996
2.99999999999996
2.99999999999996
2.99999999999996
2.99999999999996
2.99999999999996
2.99999999999996
2.99999999999996
2.99999999999996
2.99999999999996
2.99999999999996
2.99999999999996
2.99999999999996
2.99999999999996
2.99999999999996
2.99999999999996
2.99999999999996
2.99999999999996
2.99999999999996
2.99999999999996
2.99999999999996
2.99999999999996
2.99999999999996
2.99999999999996
2.99999999999996
2.99999999999996
2.99999999999996
2.99999999999996
2.99999999999996
2.99999999999996
2.99999999999996
2.99999999999996
2.99999999999996
2.99999999999996
2.99999999999996
2.99999999999996
2.99999999999996
2.99999999999996
2.99999999999996
2.99999999999996
2.99999999999996
2.99999999999996
2.99999999999996
2.99999999999996
2.99999999999996
2.99999999999996
2.99999999999996
2.99999999999996
2.99999999999996
2.99999999999996
2.99999999999996
2.99999999999996
2.99999999999996
2.99999999999996
2.99999999999996
2.99999999999996
2.99999999999996
2.99999999999996
2.99999999999996
2.99999999999996
2.99999999999996
2.99999999999996
2.99999999999996
2.99999999999996
2.99999999999996
2.99999999999996
2.99999999999996
2.99999999999996
2.99999999999996
2.99999999999996
2.99999999999996
2.99999999999996
2.99999999999996
2.99999999999996
2.99999999999996
2.99999999999996
2.99999999999996
2.99999999999996
2.99999999999996
2.99999999999996
2.99999999999996
2.99999999999996
2.99999999999996
2.99999999999996
2.99999999999996
2.99999999999996
2.99999999999996
2.99999999999996
2.99999999999996
2.99999999999996
2.99999999999996
2.99999999999996
2.99999999999996
2.99999999999996
2.99999999999996
2.99999999999996
2.99999999999996
2.99999999999996
2.99999999999996
2.99999999999996
2.99999999999996
2.99999999999996
2.99999999999996
2.99999999999996
2.99999999999996
2.99999999999996
2.99999999999996
2.99999999999996
2.99999999999996
2.99999999999996
2.99999999999996
2.99999999999996
2.99999999999996
2.99999999999996
2.99999999999996
2.99999999999996
2.99999999999996
2.99999999999996
2.99999999999996
2.99999999999996
2.99999999999996
2.99999999999996
2.99999999999996
2.99999999999996
2.99999999999996
2.99999999999996
2.99999999999996
2.99999999999996
2.99999999999996
2.99999999999996
2.99999999999996
2.99999999999996
2.99999999999996
2.99999999999996
2.99999999999996
2.99999999999996
2.99999999999996
2.99999999999996
2.99999999999996
2.99999999999996
2.99999999999996
2.99999999999996
2.99999999999996
2.99999999999996
2.99999999999996
2.99999999999996
2.99999999999996
2.99999999999996
2.99999999999996
2.99999999999996
2.99999999999996
2.99999999999996
2.99999999999996
2.99999999999996
2.99999999999996
2.99999999999996
2.99999999999996
2.99999999999996
2.99999999999996
2.99999999999996
2.99999999999996
2.99999999999996
2.99999999999996
2.99999999999996
2.99999999999996
2.99999999999996
2.99999999999996
2.99999999999996
2.99999999999996
2.99999999999996
2.99999999999996
2.99999999999996
2.99999999999996
2.99999999999996
2.99999999999996
2.99999999999996
2.99999999999996
2.99999999999996
2.99999999999996
2.99999999999996
2.99999999999996
2.99999999999996
2.99999999999996
2.99999999999996
2.99999999999996
2.99999999999996
2.99999999999996
2.99999999999996
2.99999999999996
2.99999999999996
2.99999999999996
2.99999999999996
2.99999999999996
2.99999999999996
2.99999999999996
2.99999999999996
2.99999999999996
2.99999999999996
2.99999999999996
2.99999999999996
2.99999999999996
2.99999999999996
2.99999999999996
2.99999999999996
2.99999999999996
2.99999999999996
2.99999999999996
2.99999999999996
2.99999999999996
2.99999999999996
2.99999999999996
2.99999999999996
2.99999999999996
2.99999999999996
2.99999999999996
2.99999999999996
2.99999999999996
2.99999999999996
2.99999999999996
2.99999999999996
2.99999999999996
2.99999999999996
2.99999999999996
2.99999999999996
2.99999999999996
2.99999999999996
2.99999999999996
2.99999999999996
2.99999999999996
2.99999999999996
2.99999999999996
2.99999999999996
2.99999999999996
2.99999999999996
2.99999999999996
2.99999999999996
2.99999999999996
2.99999999999996
2.99999999999996
2.99999999999996
2.99999999999996
2.99999999999996
2.99999999999996
2.99999999999996
2.99999999999996
2.99999999999996
2.99999999999996
2.99999999999996
2.99999999999996
2.99999999999996
2.99999999999996
2.99999999999996
2.99999999999996
2.99999999999996
2.99999999999996
2.99999999999996
2.99999999999996
2.99999999999996
2.99999999999996
2.99999999999996
2.99999999999996
2.99999999999996
2.99999999999996
2.99999999999996
2.99999999999996
2.99999999999996
2.99999999999996
2.99999999999996
2.99999999999996
2.99999999999996
2.99999999999996
2.99999999999996
2.99999999999996
2.99999999999996
2.99999999999996
2.99999999999996
2.99999999999996
2.99999999999996
2.99999999999996
2.99999999999996
2.99999999999996
2.99999999999996
2.99999999999996
2.99999999999996
2.99999999999996
2.99999999999996
2.99999999999996
2.99999999999996
2.99999999999996
2.99999999999996
2.99999999999996
2.99999999999996
2.99999999999996
2.99999999999996
2.99999999999996
2.99999999999996
2.99999999999996
2.99999999999996
2.99999999999996
2.99999999999996
2.99999999999996
2.99999999999996
2.99999999999996
2.99999999999996
2.99999999999996
2.99999999999996
2.99999999999996
2.99999999999996
2.99999999999996
2.99999999999996
2.99999999999996
2.99999999999996
2.99999999999996
2.99999999999996
2.99999999999996
2.99999999999996
2.99999999999996
2.99999999999996
2.99999999999996
2.99999999999996
2.99999999999996
2.99999999999996
2.99999999999996
2.99999999999996
2.99999999999996
2.99999999999996
2.99999999999996
2.99999999999996
2.99999999999996
2.99999999999996
2.99999999999996
2.99999999999996
2.99999999999996
2.99999999999996
2.99999999999996
2.99999999999996
2.99999999999996
2.99999999999996
2.99999999999996
2.99999999999996
2.99999999999996
2.99999999999996
2.99999999999996
2.99999999999996
2.99999999999996
2.99999999999996
2.99999999999996
2.99999999999996
2.99999999999996
2.99999999999996
2.99999999999996
2.99999999999996
2.99999999999996
2.99999999999996
2.99999999999996
2.99999999999996
2.99999999999996
2.99999999999996
2.99999999999996
2.99999999999996
2.99999999999996
2.99999999999996
2.99999999999996
2.99999999999996
2.99999999999996
2.99999999999996
2.99999999999996
2.99999999999996
2.99999999999996
2.99999999999996
2.99999999999996
2.99999999999996
2.99999999999996
2.99999999999996
2.99999999999996
2.99999999999996
2.99999999999996
2.99999999999996
2.99999999999996
2.99999999999996
2.99999999999996
2.99999999999996
2.99999999999996
2.99999999999996
2.99999999999996
2.99999999999996
2.99999999999996
2.99999999999996
2.99999999999996
2.99999999999996
2.99999999999996
2.99999999999996
2.99999999999996
2.99999999999996
2.99999999999996
2.99999999999996
2.99999999999996
2.99999999999996
2.99999999999996
2.99999999999996
2.99999999999996
2.99999999999996
2.99999999999996
2.99999999999996
2.99999999999996
2.99999999999996
2.99999999999996
2.99999999999996
2.99999999999996
2.99999999999996
2.99999999999996
2.99999999999996
2.99999999999996
2.99999999999996
2.99999999999996
2.99999999999996
2.99999999999996
2.99999999999996
2.99999999999996
2.99999999999996
2.99999999999996
2.99999999999996
2.99999999999996
2.99999999999996
2.99999999999996
2.99999999999996
2.99999999999996
2.99999999999996
2.99999999999996
2.99999999999996
2.99999999999996
2.99999999999996
2.99999999999996
2.99999999999996
2.99999999999996
2.99999999999996
2.99999999999996
2.99999999999996
2.99999999999996
2.99999999999996
2.99999999999996
2.99999999999996
2.99999999999996
2.99999999999996
2.99999999999996
2.99999999999996
2.99999999999996
2.99999999999996
2.99999999999996
2.99999999999996
2.99999999999996
2.99999999999996
2.99999999999996
2.99999999999996
2.99999999999996
2.99999999999996
2.99999999999996
2.99999999999996
2.99999999999996
2.99999999999996
2.99999999999996
2.99999999999996
2.99999999999996
2.99999999999996
2.99999999999996
2.99999999999996
2.99999999999996
2.99999999999996
2.99999999999996
2.99999999999996
2.99999999999996
2.99999999999996
2.99999999999996
2.99999999999996
2.99999999999996
2.99999999999996
2.99999999999996
2.99999999999996
2.99999999999996
2.99999999999996
2.99999999999996
2.99999999999996
2.99999999999996
2.99999999999996
2.99999999999996
2.99999999999996
2.99999999999996
2.99999999999996
2.99999999999996
2.99999999999996
2.99999999999996
2.99999999999996
2.99999999999996
2.99999999999996
2.99999999999996
2.99999999999996
2.99999999999996
2.99999999999996
2.99999999999996
2.99999999999996
2.99999999999996
2.99999999999996
2.99999999999996
2.99999999999996
2.99999999999996
2.99999999999996
2.99999999999996
2.99999999999996
2.99999999999996
2.99999999999996
2.99999999999996
2.99999999999996
2.99999999999996
2.99999999999996
2.99999999999996
2.99999999999996
2.99999999999996
2.99999999999996
2.99999999999996
2.99999999999996
2.99999999999996
2.99999999999996
2.99999999999996
2.99999999999996
2.99999999999996
2.99999999999996
2.99999999999996
2.99999999999996
2.99999999999996
2.99999999999996
2.99999999999996
2.99999999999996
2.99999999999996
2.99999999999996
2.99999999999996
2.99999999999996
2.99999999999996
2.99999999999996
2.99999999999996
2.99999999999996
2.99999999999996
2.99999999999996
2.99999999999996
2.99999999999996
2.99999999999996
2.99999999999996
2.99999999999996
2.99999999999996
2.99999999999996
2.99999999999996
2.99999999999996
2.99999999999996
2.99999999999996
2.99999999999996
2.99999999999996
2.99999999999996
2.99999999999996
2.99999999999996
2.99999999999996
2.99999999999996
2.99999999999996
2.99999999999996
2.99999999999996
2.99999999999996
2.99999999999996
2.99999999999996
2.99999999999996
2.99999999999996
2.99999999999996
2.99999999999996
2.99999999999996
2.99999999999996
2.99999999999996
2.99999999999996
2.99999999999996
2.99999999999996
2.99999999999996
2.99999999999996
2.99999999999996
2.99999999999996
2.99999999999996
2.99999999999996
2.99999999999996
2.99999999999996
2.99999999999996
2.99999999999996
2.99999999999996
2.99999999999996
2.99999999999996
2.99999999999996
2.99999999999996
2.99999999999996
2.99999999999996
2.99999999999996
2.99999999999996
2.99999999999996
2.99999999999996
2.99999999999996
2.99999999999996
2.99999999999996
2.99999999999996
2.99999999999996
2.99999999999996
2.99999999999996
2.99999999999996
2.99999999999996
2.99999999999996
2.99999999999996
2.99999999999996
2.99999999999996
2.99999999999996
2.99999999999996
2.99999999999996
2.99999999999996
2.99999999999996
2.99999999999996
2.99999999999996
2.99999999999996
2.99999999999996
2.99999999999996
2.99999999999996
2.99999999999996
2.99999999999996
2.99999999999996
2.99999999999996
2.99999999999996
2.99999999999996
2.99999999999996
2.99999999999996
2.99999999999996
2.99999999999996
2.99999999999996
2.99999999999996
2.99999999999996
2.99999999999996
2.99999999999996
2.99999999999996
2.99999999999996
2.99999999999996
2.99999999999996
2.99999999999996
2.99999999999996
2.99999999999996
2.99999999999996
2.99999999999996
2.99999999999996
2.99999999999996
2.99999999999996
2.99999999999996
2.99999999999996
2.99999999999996
2.99999999999996
2.99999999999996
2.99999999999996
2.99999999999996
2.99999999999996
2.99999999999996
2.99999999999996
2.99999999999996
2.99999999999996
2.99999999999996
2.99999999999996
2.99999999999996
2.99999999999996
2.99999999999996
2.99999999999996
2.99999999999996
2.99999999999996
2.99999999999996
2.99999999999996
2.99999999999996
2.99999999999996
2.99999999999996
2.99999999999996
2.99999999999996
2.99999999999996
2.99999999999996
2.99999999999996
2.99999999999996
2.99999999999996
2.99999999999996
2.99999999999996
2.99999999999996
2.99999999999996
2.99999999999996
2.99999999999996
2.99999999999996
2.99999999999996
2.99999999999996
2.99999999999996
2.99999999999996
2.99999999999996
2.99999999999996
2.99999999999996
2.99999999999996
2.99999999999996
2.99999999999996
2.99999999999996
2.99999999999996
2.99999999999996
2.99999999999996
2.99999999999996
2.99999999999996
2.99999999999996
2.99999999999996
2.99999999999996
2.99999999999996
2.99999999999996
2.99999999999996
2.99999999999996
2.99999999999996
2.99999999999996
2.99999999999996
2.99999999999996
2.99999999999996
2.99999999999996
2.99999999999996
2.99999999999996
2.99999999999996
2.99999999999996
2.99999999999996
2.99999999999996
2.99999999999996
2.99999999999996
2.99999999999996
2.99999999999996
2.99999999999996
2.99999999999996
2.99999999999996
2.99999999999996
2.99999999999996
2.99999999999996
2.99999999999996
2.99999999999996
2.99999999999996
2.99999999999996
2.99999999999996
2.99999999999996
2.99999999999996
2.99999999999996
2.99999999999996
2.99999999999996
2.99999999999996
2.99999999999996
2.99999999999996
2.99999999999996
2.99999999999996
2.99999999999996
2.99999999999996
2.99999999999996
2.99999999999996
2.99999999999996
2.99999999999996
2.99999999999996
2.99999999999996
2.99999999999996
2.99999999999996
2.99999999999996
2.99999999999996
2.99999999999996
2.99999999999996
2.99999999999996
2.99999999999996
2.99999999999996
2.99999999999996
2.99999999999996
2.99999999999996
2.99999999999996
2.99999999999996
2.99999999999996
2.99999999999996
2.99999999999996
2.99999999999996
2.99999999999996
2.99999999999996
2.99999999999996
2.99999999999996
2.99999999999996
2.99999999999996
2.99999999999996
2.99999999999996
2.99999999999996
2.99999999999996
2.99999999999996
2.99999999999996
2.99999999999996
2.99999999999996
2.99999999999996
2.99999999999996
2.99999999999996
2.99999999999996
2.99999999999996
2.99999999999996
2.99999999999996
2.99999999999996
2.99999999999996
2.99999999999996
2.99999999999996
2.99999999999996
2.99999999999996
2.99999999999996
2.99999999999996
2.99999999999996
2.99999999999996
2.99999999999996
2.99999999999996
2.99999999999996
2.99999999999996
2.99999999999996
2.99999999999996
2.99999999999996
2.99999999999996
2.99999999999996
2.99999999999996
2.99999999999996
2.99999999999996
2.99999999999996
2.99999999999996
2.99999999999996
2.99999999999996
2.99999999999996
2.99999999999996
2.99999999999996
2.99999999999996
2.99999999999996
2.99999999999996
2.99999999999996
2.99999999999996
2.99999999999996
2.99999999999996
2.99999999999996
2.99999999999996
2.99999999999996
2.99999999999996
2.99999999999996
2.99999999999996
2.99999999999996
2.99999999999996
2.99999999999996
2.99999999999996
2.99999999999996
2.99999999999996
2.99999999999996
2.99999999999996
2.99999999999996
2.99999999999996
2.99999999999996
2.99999999999996
2.99999999999996
2.99999999999996
2.99999999999996
2.99999999999996
2.99999999999996
2.99999999999996
2.99999999999996
2.99999999999996
2.99999999999996
2.99999999999996
2.99999999999996
2.99999999999996
2.99999999999996
2.99999999999996
2.99999999999996
2.99999999999996
2.99999999999996
2.99999999999996
2.99999999999996
2.99999999999996
2.99999999999996
2.99999999999996
2.99999999999996
2.99999999999996
2.99999999999996
2.99999999999996
2.99999999999996
2.99999999999996
2.99999999999996
2.99999999999996
2.99999999999996
2.99999999999996
2.99999999999996
2.99999999999996
2.99999999999996
2.99999999999996
2.99999999999996
2.99999999999996
2.99999999999996
2.99999999999996
2.99999999999996
2.99999999999996
2.99999999999996
2.99999999999996
2.99999999999996
2.99999999999996
2.99999999999996
2.99999999999996
2.99999999999996
2.99999999999996
2.99999999999996
2.99999999999996
2.99999999999996
2.99999999999996
2.99999999999996
2.99999999999996
2.99999999999996
2.99999999999996
2.99999999999996
2.99999999999996
2.99999999999996
2.99999999999996
2.99999999999996
2.99999999999996
2.99999999999996
2.99999999999996
2.99999999999996
2.99999999999996
2.99999999999996
2.99999999999996
2.99999999999996
2.99999999999996
2.99999999999996
2.99999999999996
2.99999999999996
2.99999999999996
2.99999999999996
2.99999999999996
2.99999999999996
2.99999999999996
2.99999999999996
2.99999999999996
2.99999999999996
2.99999999999996
2.99999999999996
2.99999999999996
2.99999999999996
2.99999999999996
2.99999999999996
2.99999999999996
2.99999999999996
2.99999999999996
2.99999999999996
2.99999999999996
2.99999999999996
2.99999999999996
2.99999999999996
2.99999999999996
2.99999999999996
2.99999999999996
2.99999999999996
2.99999999999996
2.99999999999996
2.99999999999996
2.99999999999996
2.99999999999996
2.99999999999996
2.99999999999996
2.99999999999996
2.99999999999996
2.99999999999996
2.99999999999996
2.99999999999996
2.99999999999996
2.99999999999996
2.99999999999996
2.99999999999996
2.99999999999996
2.99999999999996
2.99999999999996
2.99999999999996
2.99999999999996
2.99999999999996
2.99999999999996
2.99999999999996
2.99999999999996
2.99999999999996
2.99999999999996
2.99999999999996
2.99999999999996
2.99999999999996
2.99999999999996
2.99999999999996
2.99999999999996
2.99999999999996
2.99999999999996
2.99999999999996
2.99999999999996
2.99999999999996
2.99999999999996
2.99999999999996
2.99999999999996
2.99999999999996
2.99999999999996
2.99999999999996
2.99999999999996
2.99999999999996
2.99999999999996
2.99999999999996
2.99999999999996
2.99999999999996
2.99999999999996
2.99999999999996
2.99999999999996
2.99999999999996
2.99999999999996
2.99999999999996
2.99999999999996
2.99999999999996
2.99999999999996
2.99999999999996
2.99999999999996
2.99999999999996
2.99999999999996
2.99999999999996
2.99999999999996
2.99999999999996
2.99999999999996
2.99999999999996
2.99999999999996
2.99999999999996
2.99999999999996
2.99999999999996
2.99999999999996
2.99999999999996
2.99999999999996
2.99999999999996
2.99999999999996
2.99999999999996
2.99999999999996
2.99999999999996
2.99999999999996
2.99999999999996
2.99999999999996
2.99999999999996
2.99999999999996
2.99999999999996
2.99999999999996
2.99999999999996
2.99999999999996
2.99999999999996
2.99999999999996
2.99999999999996
2.99999999999996
2.99999999999996
2.99999999999996
2.99999999999996
2.99999999999996
2.99999999999996
2.99999999999996
2.99999999999996
2.99999999999996
2.99999999999996
2.99999999999996
2.99999999999996
2.99999999999996
2.99999999999996
2.99999999999996
2.99999999999996
2.99999999999996
2.99999999999996
2.99999999999996
2.99999999999996
2.99999999999996
2.99999999999996
2.99999999999996
2.99999999999996
2.99999999999996
2.99999999999996
2.99999999999996
2.99999999999996
2.99999999999996
2.99999999999996
2.99999999999996
2.99999999999996
2.99999999999996
2.99999999999996
2.99999999999996
2.99999999999996
2.99999999999996
2.99999999999996
2.99999999999996
2.99999999999996
2.99999999999996
2.99999999999996
2.99999999999996
2.99999999999996
2.99999999999996
2.99999999999996
2.99999999999996
2.99999999999996
2.99999999999996
2.99999999999996
2.99999999999996
2.99999999999996
2.99999999999996
2.99999999999996
2.99999999999996
2.99999999999996
2.99999999999996
2.99999999999996
2.99999999999996
2.99999999999996
2.99999999999996
2.99999999999996
2.99999999999996
2.99999999999996
2.99999999999996
2.99999999999996
2.99999999999996
2.99999999999996
2.99999999999996
2.99999999999996
2.99999999999996
2.99999999999996
2.99999999999996
2.99999999999996
2.99999999999996
2.99999999999996
2.99999999999996
2.99999999999996
2.99999999999996
2.99999999999996
2.99999999999996
2.99999999999996
2.99999999999996
2.99999999999996
2.99999999999996
2.99999999999996
2.99999999999996
2.99999999999996
2.99999999999996
2.99999999999996
2.99999999999996
2.99999999999996
2.99999999999996
2.99999999999996
2.99999999999996
2.99999999999996
2.99999999999996
2.99999999999996
2.99999999999996
2.99999999999996
2.99999999999996
2.99999999999996
2.99999999999996
2.99999999999996
2.99999999999996
2.99999999999996
2.99999999999996
2.99999999999996
2.99999999999996
2.99999999999996
2.99999999999996
2.99999999999996
2.99999999999996
2.99999999999996
2.99999999999996
2.99999999999996
2.99999999999996
2.99999999999996
2.99999999999996
2.99999999999996
2.99999999999996
2.99999999999996
2.99999999999996
2.99999999999996
2.99999999999996
2.99999999999996
2.99999999999996
2.99999999999996
2.99999999999996
2.99999999999996
2.99999999999996
2.99999999999996
2.99999999999996
2.99999999999996
2.99999999999996
2.99999999999996
2.99999999999996
2.99999999999996
2.99999999999996
2.99999999999996
2.99999999999996
2.99999999999996
2.99999999999996
2.99999999999996
2.99999999999996
2.99999999999996
2.99999999999996
2.99999999999996
2.99999999999996
2.99999999999996
2.99999999999996
2.99999999999996
2.99999999999996
2.99999999999996
2.99999999999996
2.99999999999996
2.99999999999996
2.99999999999996
2.99999999999996
2.99999999999996
2.99999999999996
2.99999999999996
2.99999999999996
2.99999999999996
2.99999999999996
2.99999999999996
0
0
0
0
0
0
0
0
0
0
0
0
0
0
0
0
0
0
0
0
0
0
0
0
0
0
0
0
0
0
0
0
0
0
0
0
0
0
0
0
0
0
0
0
0
0
0
0
0
0
0
0
0
0
0
0
0
0
0
0
0
0
0
0
0
0
0
0
0
0
0
0
0
0
0
0
0
0
0
0
0
0
0
0
0
0
0
0
0
0
0
0
0
0
0
0
0
0
0
0
0
0
0
0
0
0
0
0
0
0
0
0
0
0
0
0
0
0
0
0
0
0
0
0
0
0
0
0
0
0
0
0
0
0
0
0
0
0
0
0
0
0
0
0
0
0
0
0
0
0
0
0
0
0
0
0
0
0
0
0
0
0
0
0
0
0
0
0
0
0
0
0
0
0
0
0
0
0
0
0
0
0
0
0
0
0
0
0
0
0
0
0
0
0
0
0
0
0
0
0
0
0
0
0
0
0
0
0
0
0
0
0
0
0
0
0
0
0
0
0
0
0
0
0
0
0
0
0
0
0
0
0
0
0
0
0
0
0
0
0
0
0
0
0
0
0
0
0
0
0
0
0
0
0
0
0
0
0
0
0
0
0
0
0
0
0
0
0
0
0
0
0
0
0
0
0
0
0
0
0
0
0
0
0
0
0
0
0
0
0
0
0
0
0
0
0
0
0
0
0
0
0
0
0
0
0
0
0
0
0
0
0
0
0
0
0
0
0
0
0
0
0
0
0
0
0
0
0
0
0
0
0
0
0
0
0
0
0
0
0
0
0
0
0
0
0
0
0
0
0
0
0
0
0
0
0
0
0
0
0
0
0
0
0
0
0
0
0
0
0
0
0
0
0
0
0
0
0
0
0
0
0
0
0
0
0
0
0
0
0
0
0
0
0
0
0
0
0
0
0
0
0
0
0
0
0
0
0
0
0
0
0
0
0
0
0
0
0
0
0
0
0
0
0
0
0
0
0
0
0
0
0
0
0
0
0
0
0
0
0
0
0
0
0
0
0
0
0
0
0
0
0
0
0
0
0
0
0
0
0
0
0
0
0
0
0
0
0
0
0
0
0
0
0
0
0
0
0
0
0
0
0
0
0
0
0
0
0
0
0
0
0
0
0
0
0
0
0
0
0
0
0
0
0
0
0
0
0
0
0
0
0
0
0
0
0
0
0
0
0
0
0
0
0
0
0
0
0
0
0
0
0
0
0
0
0
0
0
0
0
0
0
0
0
0
0
0
0
0
0
0
0
0
0
0
0
0
0
0
0
0
0
0
0
0
0
0
0
0
0
0
0
0
0
0
0
0
0
0
0
0
0
0
0
0
0
0
0
0
0
0
0
0
0
0
0
0
0
0
0
0
0
0
0
0
0
0
0
0
0
0
0
0
0
0
0
0
0
0
0
0
0
0
0
0
0
0
0
0
0
0
0
0
0
0
0
0
0
0
0
0
0
0
0
0
0
0
0
0
0
0
0
0
0
0
0
0
0
0
0
0
0
0
0
0
0
0
0
0
0
0
0
0
0
0
0
0
0
0
0
0
0
0
0
0
0
0
0
0
0
0
0
0
0
0
0
0
0
0
0
0
0
0
0
0
0
0
0
0
0
0
0
0
0
0
0
0
0
0
0
0
0
0
0
0
0
0
0
0
0
0
0
0
0
0
0
0
0
0
0
0
0
0
0
0
0
0
0
0
0
0
0
0
0
0
0
0
0
0
0
0
0
0
0
0
0
0
0
0
0
0
0
0
0
0
0
0
0
0
0
0
0
0
0
0
0
0
0
0
0
0
0
0
0
0
0
0
0
0
0
0
0
0
0
0
0
0
0
0
0
0
0
0
0
0
0
0
0
0
0
0
0
0
0
0
0
0
0
0
0
0
0
0
0
0
0
0
0
0
0
0
0
0
0
0
0
0
0
0
0
0
0
0
0
0
0
0
0
0
0
0
0
0
0
0
0
0
0
0
0
0
0
0
0
0
0
0
0
0
0
0
0
0
0
0
0
0
0
0
0
0
0
0
0
0
0
0
0
0
0
0
0
0
0
0
0
0
0
0
0
0
0
0
0
0
0
0
0
0
0
0
0
0
0
0
0
0
0
0
0
0
0
0
0
0
0
0
0
0
0
0
0
0
0
0
0
0
0
0
0
0
0
0
0
0
0
0
0
0
0
0
0
0
0
0
0
0
